# Reconstructed LatitudeLimofVictoriaLand.txt
# col 1: latitude (deg, ascending)
# col 2: longitude limit (deg east, 0-360) separating East Antarctic
#        Plateau (lon < limit) from Victoria Land / Ross Sea (lon > limit)
# derived from: BedMachine v3 surface (1000 m), 2000 m plateau contour,
# scanned over lon [145, 190], smoothed over 2.25 deg latitude
# NOT the original file -- an approximation. See scripts/make_victoria_limit.py
  -89.7500   190.0000
  -89.5000   190.0000
  -89.2500   190.0000
  -89.0000   190.0000
  -88.7500   190.0000
  -88.5000   190.0000
  -88.2500   190.0000
  -88.0000   190.0000
  -87.7500   190.0000
  -87.5000   190.0000
  -87.2500   190.0000
  -87.0000   190.0000
  -86.7500   190.0000
  -86.5000   190.0000
  -86.2500   187.5167
  -86.0000   184.6500
  -85.7500   181.7389
  -85.5000   179.1833
  -85.2500   176.8000
  -85.0000   173.4667
  -84.7500   170.4556
  -84.5000   166.8722
  -84.2500   162.9778
  -84.0000   161.5222
  -83.7500   160.5167
  -83.5000   159.6333
  -83.2500   158.2556
  -83.0000   156.3833
  -82.7500   155.2500
  -82.5000   153.7222
  -82.2500   152.6861
  -82.0000   151.8806
  -81.7500   151.1472
  -81.5000   150.3750
  -81.2500   149.5528
  -81.0000   148.9639
  -80.7500   149.1083
  -80.5000   149.6528
  -80.2500   150.3972
  -80.0000   151.1056
  -79.7500   151.8611
  -79.5000   152.6778
  -79.2500   153.5278
  -79.0000   154.7667
  -78.7500   155.9500
  -78.5000   156.7500
  -78.2500   157.4000
  -78.0000   157.7778
  -77.7500   158.4333
  -77.5000   158.8500
  -77.2500   158.9944
  -77.0000   158.9722
  -76.7500   158.5222
  -76.5000   157.9444
  -76.2500   157.3333
  -76.0000   156.7056
  -75.7500   156.2722
  -75.5000   155.7000
  -75.2500   155.5833
  -75.0000   156.3056
  -74.7500   157.2278
  -74.5000   158.3833
  -74.2500   159.6056
  -74.0000   160.4556
  -73.7500   161.0778
  -73.5000   161.6667
  -73.2500   162.1833
  -73.0000   162.4667
  -72.7500   162.1000
  -72.5000   161.6389
  -72.2500   160.9556
  -72.0000   160.2944
  -71.7500   160.0111
  -71.5000   159.9333
  -71.2500   159.8389
  -71.0000   159.7944
  -70.7500   159.8000
  -70.5000   159.8000
  -70.2500   159.8000
  -70.0000   159.8000
  -69.7500   159.8000
  -69.5000   159.8000
  -69.2500   159.8000
  -69.0000   159.8000
  -68.7500   159.8000
  -68.5000   159.8000
  -68.2500   159.8000
  -68.0000   159.8000
  -67.7500   159.8000
  -67.5000   159.8000
  -67.2500   159.8000
  -67.0000   159.8000
  -66.7500   159.8000
  -66.5000   159.8000
  -66.2500   159.8000
  -66.0000   159.8000
  -65.7500   159.8000
  -65.5000   159.8000
  -65.2500   159.8000
  -65.0000   159.8000
  -64.7500   159.8000
  -64.5000   159.8000
  -64.2500   159.8000
  -64.0000   159.8000
  -63.7500   159.8000
  -63.5000   159.8000
  -63.2500   159.8000
  -63.0000   159.8000
  -62.7500   159.8000
  -62.5000   159.8000
  -62.2500   159.8000
  -62.0000   159.8000
  -61.7500   159.8000
  -61.5000   159.8000
  -61.2500   159.8000
  -61.0000   159.8000
  -60.7500   159.8000
  -60.5000   159.8000
  -60.2500   159.8000
  -60.0000   159.8000
